-4078.98999,-926.216492,494.331818,8.25,1519.521118,571.240967,3785,16472,-16368,-1.590523,-0.03076,0.014185,0,0,0,1,100,0.807843,-0.999969,0.,-0.999969,0.,0,0,0
-4078.98999,-901.275269,503.474762,8.25,1526.760864,536.943237,3504,16472,-16368,-1.679539,-0.027469,0.014929,0,0,0,1,100,0.807843,-0.999969,0.,-0.999969,0.,0,0,0
-4078.98999,-876.218018,512.040161,8.25,1534.207275,499.509827,3212,16472,-16368,-1.746837,-0.023985,0.015519,0,0,0,1,100,0.807843,-0.999969,0.,-0.999969,0.,0,0,0
-4078.98999,-851.041016,519.982971,8.263644,1541.512695,459.471985,2907,16472,-16368,-1.798299,-0.020444,0.016073,0,0,0,1,100,0.807843,-0.999969,0.,-0.999969,0.,0,0,0
-4078.98999,-825.735291,527.257385,8.283316,1548.417603,417.154327,2595,16472,-16368,-1.83807,-0.01677,0.016433,0,0,0,1,100,0.807843,-0.999969,0.,-0.999969,0.,0,0,0
-4078.98999,-800.329834,533.832397,8.302989,1554.69458,372.940308,2275,16472,-16368,-1.869064,-0.013032,0.01663,0,0,0,1,100,0.807843,-0.929077,0.,-0.929077,0.,0,0,0
-4078.98999,-774.820923,539.676392,8.32,1560.162598,327.103851,1952,16472,-16373,-1.893547,-0.00972,0.016647,0,0,0,1,100,0.811765,-0.677124,0.,-0.677124,0.,0,0,0
-4078.98999,-749.217651,544.76593,8.317667,1564.679565,281.026276,1626,16472,-16381,-1.887964,-0.010303,0.016007,0,0,0,1,100,0.807843,-0.393677,0.,-0.393677,0.,0,0,0
-4078.98999,-723.549011,549.105042,8.297995,1568.200806,237.520447,1305,16472,-16388,-1.786745,-0.012881,0.01512,0,0,0,1,100,0.811765,-0.220459,0.,-0.220459,0.,0,0,0
-4078.98999,-697.823975,552.743408,8.29,1570.809448,198.307343,1005,16472,-16388,-1.570437,-0.014333,0.0146,0,0,0,1,100,0.807843,0.,0.,0.,0.,0,0,0
-4078.98999,-672.061646,555.749512,8.291349,1572.645752,162.523712,744,16472,-16388,-1.300627,-0.012765,0.014613,0,0,0,1,100,0.811765,0.,0.,0.,0.,0,0,0
-4078.98999,-646.280029,558.188354,8.309999,1573.790894,130.962387,531,16472,-16388,-0.99736,-0.010288,0.01471,0,0,0,1,100,0.811765,0.,0.,0.,0.,0,0,0
-4078.98999,-620.479004,560.136963,8.32,1574.487305,102.49427,372,16472,-16388,-0.729842,-0.008351,0.014807,0,0,0,1,100,0.811765,0.,0.,0.,0.,0,0,0
-4078.98999,-594.668945,561.621948,8.320366,1574.904785,76.592979,254,16472,-16388,-0.535322,-0.007082,0.0149,0,0,0,1,100,0.811765,0.,0.,0.,0.,0,0,0
-4078.98999,-568.848938,562.701599,8.33,1575.120239,54.060883,168,16472,-16388,-0.392175,-0.006198,0.0149,0,0,0,1,100,0.811765,0.,0.,0.,0.,0,0,0
-4078.98999,-543.019287,563.420776,8.33,1575.218872,35.115459,101,16472,-16388,-0.286139,-0.005509,0.015,0,0,0,1,100,0.811765,0.,0.,0.,0.,0,0,0
-4078.98999,-517.189575,563.848877,8.33,1575.24939,19.358002,49,16472,-16388,-0.207175,-0.005012,0.015,0,0,0,1,100,0.811765,0.,0.,0.,0.,0,0,0
-4078.98999,-491.359924,564.024292,8.34,1575.25,6.470772,14,16472,-16388,-0.148288,-0.004619,0.0151,0,0,0,1,100,0.811765,0.,0.,0.,0.,0,0,0
-4078.98999,-465.529755,563.995056,8.34,1575.25,-3.84686,-14,16472,-16388,-0.104194,-0.004413,0.0151,0,0,0,1,100,0.811765,0.,0.,0.,0.,0,0,0
-4078.98999,-439.700073,563.809143,8.34,1575.258423,-12.05101,-35,16472,-16388,-0.071231,-0.004216,0.0151,0,0,0,1,100,0.811765,0.,0.,0.,0.,0,0,0
-4078.98999,-413.870422,563.49469,8.34,1575.277954,-18.48184,-50,16472,-16388,-0.046397,-0.0041,0.0151,0,0,0,1,100,0.811765,0.,0.,0.,0.,0,0,0
-4078.98999,-388.04071,563.081848,8.34,1575.30542,-23.529108,-59,16472,-16388,-0.027562,-0.003923,0.0151,0,0,0,1,100,0.815686,0.,0.,0.,0.,0,0,0
-4078.98999,-362.211029,562.587097,8.34,1575.344849,-27.365448,-67,16472,-16388,-0.013105,-0.0039,0.0151,0,0,0,1,100,0.815686,0.,0.,0.,0.,0,0,0
-4078.98999,-336.38089,562.034424,8.34,1575.401245,-30.365501,-72,16472,-16388,-0.00163,-0.003829,0.0151,0,0,0,1,100,0.815686,0.,0.,0.,0.,0,0,0
-4078.98999,-310.551208,561.440308,8.34,1575.460205,-32.545647,-72,16472,-16388,0.007037,-0.0038,0.0151,0,0,0,1,100,0.815686,0.,0.,0.,0.,0,0,0
-4078.98999,-284.721558,560.807678,8.34,1575.519287,-34.048241,-72,16472,-16388,0.01373,-0.0038,0.0151,0,0,0,1,100,0.815686,0.,0.,0.,0.,0,0,0
-4078.98999,-258.891876,560.152344,8.34,1575.578247,-35.078693,-72,16472,-16388,0.018905,-0.0038,0.0151,0,0,0,1,100,0.815686,0.,0.,0.,0.,0,0,0
-4078.98999,-233.062195,559.483521,8.34,1575.637329,-35.783371,-72,16472,-16388,0.02294,-0.0038,0.0151,0,0,0,1,100,0.815686,0.,0.,0.,0.,0,0,0
-4078.98999,-207.232529,558.809204,8.34,1575.696289,-36.269024,-72,16472,-16388,0.026063,-0.0038,0.0151,0,0,0,1,100,0.815686,0.,0.,0.,0.,0,0,0
-4078.98999,-181.402847,558.120667,8.34,1575.770508,-36.601727,-72,16472,-16388,0.028412,-0.0038,0.0151,0,0,0,1,100,0.815686,0.,0.,0.,0.,0,0,0
-4078.98999,-155.573166,557.432129,8.34,1575.849121,-36.823162,-72,16472,-16388,0.030184,-0.0038,0.0151,0,0,0,1,100,0.819608,0.,0.,0.,0.,0,0,0
-4078.98999,-129.743011,556.743591,8.34,1575.927856,-36.966808,-72,16472,-16388,0.031568,-0.0038,0.0151,0,0,0,1,100,0.819608,0.,0.,0.,0.,0,0,0
-4078.98999,-103.913338,556.055054,8.34,1576.00647,-37.066563,-72,16472,-16388,0.032566,-0.0038,0.0151,0,0,0,1,100,0.819608,0.,0.,0.,0.,0,0,0
-4078.98999,-78.083183,555.366516,8.34,1576.085205,-37.131439,-72,16472,-16388,0.033214,-0.0038,0.0151,0,0,0,1,100,0.819608,0.,0.,0.,0.,0,0,0
-4078.98999,-52.253506,554.677979,8.34,1576.16394,-37.176968,-72,16472,-16388,0.03377,-0.0038,0.0151,0,0,0,1,100,0.819608,-0.307068,0.,-0.307068,0.,0,0,0
-4078.98999,-26.420673,553.976318,8.34,1576.242676,-37.213158,-72,16472,-16388,0.034163,-0.0038,0.0151,0,0,0,1,100,0.819608,-0.51178,-0.118103,-0.51178,0.,0,0,0
-4078.98999,-0.571327,553.262451,8.34,1576.25,-41.43618,-74,16472,-16388,-0.081588,-0.004713,0.0151,0,0,0,1,100,0.819608,-0.897583,-0.283447,-0.897583,0.,0,0,0
-4078.98999,25.27552,552.467407,8.34,1576.084961,-49.993614,-98,16472,-16388,-0.2967,-0.00575,0.0152,0,0,0,1,100,0.819608,-0.999969,-0.322815,-0.999969,0.,0,0,0
-4078.98999,51.10519,551.516052,8.349999,1575.306885,-64.637085,-163,16472,-16388,-0.62632,-0.006822,0.0153,0,0,0,1,100,0.819608,-0.999969,-0.307068,-0.999969,0.,0,0,0
-4078.98999,76.923019,550.295166,8.349999,1574.08252,-83.508072,-288,16472,-16388,-0.966262,-0.006708,0.0153,0,0,0,1,100,0.819608,-0.999969,-0.2677,-0.999969,0.,0,0,0
-4078.98999,102.721497,548.753296,8.349999,1572.642456,-104.965286,-468,16472,-16388,-1.229448,-0.005233,0.0153,0,0,0,1,100,0.819608,-0.999969,-0.251953,-0.999969,0.,0,0,0
-4078.98999,128.499451,546.857727,8.349999,1570.812988,-129.625229,-691,16472,-16392,-1.418926,-0.003012,0.015312,0,0,0,1,100,0.819608,-0.999969,-0.212585,-0.999969,0.,0,0,0
-4078.98999,154.238708,544.533386,8.349999,1568.312622,-157.884109,-944,16472,-16400,-1.556527,-0.004355,0.015735,0,0,0,1,100,0.819608,-0.999969,-0.196838,-0.999969,0.,0,0,0
-4078.98999,179.938736,541.733215,8.339464,1564.896362,-189.667542,-1216,16472,-16408,-1.657708,-0.008229,0.016627,0,0,0,1,100,0.819608,-0.999969,-0.196838,-0.999969,0.,0,0,0
-4078.98999,205.570526,538.400269,8.33,1560.412964,-224.479568,-1503,16472,-16408,-1.732941,-0.0115,0.017606,0,0,0,1,100,0.819608,-0.999969,-0.196838,-0.999969,0.,0,0,0
-4078.98999,231.12471,534.484741,8.33,1554.696655,-261.948242,-1806,16472,-16408,-1.78948,-0.010808,0.018196,0,0,0,1,100,0.819608,-0.999969,-0.196838,-0.999969,0.,0,0,0
-4078.98999,256.591522,529.937378,8.33,1547.619019,-301.743317,-2117,16472,-16408,-1.832492,-0.008363,0.018591,0,0,0,1,100,0.819608,-0.999969,-0.196838,-0.999969,0.,0,0,0
-4078.98999,281.933197,524.732361,8.33,1539.120361,-343.372772,-2435,16472,-16408,-1.865591,-0.005132,0.018792,0,0,0,1,100,0.819608,-0.999969,-0.196838,-0.999969,0.,0,0,0
-4078.98999,307.120544,518.841858,8.33,1529.15332,-386.482666,-2758,16472,-16416,-1.891266,-0.002933,0.019345,0,0,0,1,100,0.819608,-0.999969,-0.196838,-0.999969,0.,0,0,0
-4078.98999,332.144531,512.236389,8.31143,1517.716919,-430.643951,-3088,16472,-16423,-1.911255,-0.004714,0.021143,0,0,0,1,100,0.819608,-0.999969,-0.196838,-0.999969,0.,0,0,0
-4078.98999,356.976227,504.906952,8.291759,1504.770874,-475.631042,-3418,16472,-16424,-1.926916,-0.006747,0.023242,0,0,0,1,100,0.819608,-0.999969,-0.188965,-0.999969,0.,0,0,0
-4078.98999,381.589111,496.842255,8.28,1490.378784,-521.089478,-3749,16472,-16424,-1.939211,-0.005429,0.024496,0,0,0,1,100,0.819608,-0.999969,-0.188965,-0.999969,0.,0,0,0
-4078.98999,405.961792,488.025024,8.28,1474.567993,-566.804199,-4086,16472,-16424,-1.948814,-0.00251,0.025052,0,0,0,1,100,0.819608,-0.999969,-0.188965,-0.999969,0.,0,0,0
-4078.98999,430.065735,478.453339,8.28,1457.251709,-612.768311,-4425,16472,-16424,-1.956513,0.001379,0.025373,0,0,0,1,100,0.819608,-0.999969,-0.188965,-0.999969,0.,0,0,0
-4078.98999,453.874969,468.137207,8.273068,1438.476685,-658.754028,-4763,16472,-16431,-1.962641,0.004316,0.025985,0,0,0,1,100,0.819608,-0.999969,-0.188965,-0.999969,0.,0,0,0
-4078.98999,477.374725,457.06665,8.246794,1418.310059,-704.559509,-5102,16472,-16436,-1.967387,0.003672,0.028457,0,0,0,1,100,0.819608,-0.999969,-0.188965,-0.999969,0.,0,0,0
-4078.98999,500.542389,445.241699,8.23,1396.79248,-750.055115,-5440,16474,-16437,-1.971004,0.004265,0.030539,0,0,0,1,100,0.819608,-0.999969,-0.188965,-0.999969,0.,0,0,0
-4078.98999,523.355896,432.668213,8.22,1373.956055,-795.152893,-5778,16482,-16445,-1.973933,0.003924,0.029367,0,0,0,1,100,0.819608,-0.999969,-0.188965,-0.999969,0.,0,0,0
-4078.98999,545.786316,419.35965,8.22,1349.819946,-839.76886,-6117,16490,-16453,-1.976631,0.001007,0.02572,0,0,0,1,100,0.819608,-0.999969,-0.188965,-0.999969,0.,0,0,0
-4078.98999,567.814514,405.321289,8.240584,1324.408203,-883.840759,-6455,16492,-16456,-1.978929,-0.001247,0.021912,0,0,0,1,100,0.819608,-0.999969,-0.188965,-0.999969,0.,0,0,0
-4078.98999,589.416504,390.567169,8.279929,1297.739136,-927.312317,-6793,16492,-16456,-1.980498,0.000695,0.020352,0,0,0,1,100,0.819608,-0.999969,-0.188965,-0.999969,0.,0,0,0
-4078.98999,610.583557,375.10733,8.304637,1269.817261,-970.14093,-7132,16492,-16458,-1.981485,0.004127,0.019707,0,0,0,1,100,0.819608,-0.999969,-0.188965,-0.999969,0.,0,0,0
-4078.98999,631.28717,358.940338,8.305691,1240.661621,-1012.263916,-7470,16497,-16465,-1.982129,0.006243,0.020414,0,0,0,1,100,0.819608,-0.999969,-0.188965,-0.999969,0.,0,0,0
-4078.98999,651.50708,342.092316,8.3,1210.297363,-1053.64917,-7808,16505,-16473,-1.982719,0.005621,0.019022,0,0,0,1,100,0.819608,-0.999969,-0.188965,-0.999969,0.,0,0,0
-4078.98999,671.226135,324.565186,8.303654,1178.718018,-1094.256958,-8147,16513,-16480,-1.983273,0.004108,0.016352,0,0,0,1,100,0.823529,-0.999969,-0.196838,-0.999969,0.,0,0,0
-4078.976562,690.422852,306.383667,17.004795,1146.485352,-1132.516602,-8485,16513,-16479,-1.975439,-0.426309,0.0033,0,0,0,1,100,0.823529,-0.929077,-0.188965,-0.929077,0.,0,0,0
-4078.749756,709.08728,287.592804,33.407024,1114.705078,-1167.83667,-8824,16391,-16318,-1.96776,-1.193895,-0.006614,0,0,0,1,100,0.823529,-0.740112,-0.141724,-0.740112,0.,0,0,0
-4078.279053,727.226685,268.221588,57.680836,1082.053833,-1199.996826,-9161,16121,-15981,-1.91838,-1.694324,-0.390088,0,0,0,1,100,0.823529,-0.322815,0.,-0.322815,0.,0,0,0
-4077.188477,744.839172,248.385162,117.536751,1051.435913,-1218.138184,-9467,15536,-15341,-1.777739,-3.463218,-0.58674,0,0,0,1,100,0.823529,-0.149597,0.,-0.149597,0.,0,0,0
-4075.161865,761.966797,228.234558,170.565445,1025.574829,-1237.158691,-9687,14581,-14259,-1.497326,-4.078384,-0.686295,0,0,0,1,100,0.823529,0.,0.,0.,0.,0,0,0
-4072.270752,778.68042,207.778702,254.128494,1000.688171,-1238.85144,-9764,13432,-12996,-1.071148,-4.948716,-1.130721,0,0,0,1,100,0.823529,0.,0.,0.,0.,0,0,0
-4067.857178,794.990662,187.357056,359.049347,979.088928,-1230.04248,-9631,12061,-11526,-1.150756,-5.375222,0.142982,0,0,0,1,100,0.823529,0.,0.,0.,0.,0,0,0
-4061.726074,810.96637,167.110046,458.896301,960.477356,-1199.624756,-9380,10933,-10051,-0.562754,-5.463192,0.121841,0,0,0,1,100,0.823529,0.,0.,0.,0.,0,0,0
-4053.727051,826.608398,147.501953,600.218689,938.318542,-1149.876343,-8929,9902,-8753,-0.786335,-5.404553,0.638233,0,0,0,1,100,0.823529,0.307068,0.,0.307068,0.,0,0,0
-4043.397949,841.847412,128.999741,682.780212,916.017334,-1107.671631,-8381,8977,-7370,-0.328621,-5.486792,0.050552,0,0,0,1,100,0.827451,0.425171,0.,0.425171,0.,0,0,0
-4031.717041,856.786438,111.038361,818.744568,902.158936,-1021.676086,-7763,8251,-6392,-0.617407,-5.276167,0.582918,0,0,0,1,100,0.827451,0.653503,0.,0.653503,0.,0,0,0
-4017.922119,871.531372,94.509285,891.92926,895.098694,-965.665222,-7126,7711,-5462,0.102599,-5.4953,0.200575,0,0,0,1,100,0.831373,0.881836,0.,0.881836,0.,0,0,0
-4002.898926,886.197754,79.012543,978.736145,893.961853,-877.314392,-6380,7284,-4755,1.093934,-5.34005,-0.30139,0,0,0,1,100,0.835294,0.999969,0.,0.999969,0.,0,0,0
-3986.48291,900.862671,65.088158,1051.435059,900.505615,-777.489502,-5526,6957,-4173,0.598906,-5.44032,0.525611,0,0,0,1,100,0.839216,0.999969,0.,0.999969,0.,0,0,0
-3968.959961,915.666809,52.784874,1112.506592,911.377625,-666.672913,-4706,6795,-3651,1.437597,-5.268123,0.415454,0,0,0,1,100,0.843137,0.999969,0.,0.999969,0.,0,0,0
-3950.523926,930.67865,42.186249,1156.615479,929.161743,-563.922058,-3896,6743,-3206,0.464937,-5.316893,1.239522,0,0,0,1,100,0.843137,0.999969,0.,0.999969,0.,0,0,0
-3931.554688,945.986267,33.25898,1174.167114,947.918762,-454.124786,-3110,6762,-2659,0.922422,-5.267127,0.947969,0,0,0,1,100,0.847059,0.999969,0.,0.999969,0.,0,0,0
-3912.192139,961.603394,26.262911,1199.151733,968.070923,-324.276672,-2350,6831,-2173,0.183942,-5.271397,1.4507,0,0,0,1,100,0.85098,0.999969,0.,0.999969,0.,0,0,0
-3892.555664,977.56488,21.033367,1200.843018,989.26593,-244.946167,-1611,6978,-1653,1.049435,-4.589046,1.435989,0,0,0,1,100,0.85098,0.999969,0.,0.999969,0.,0,0,0
-3872.856934,993.881714,17.430367,1198.089233,1014.151794,-133.217758,-973,7189,-1271,-0.726367,-3.89621,1.741612,0,0,0,1,100,0.854902,0.999969,0.,0.999969,0.,0,0,0
-3853.306885,1010.613037,15.320605,1176.422974,1041.708618,-91.339531,-541,7450,-745,-0.437254,-4.037994,1.828008,0,0,0,1,100,0.858824,0.999969,0.,0.999969,0.,0,0,0
-3834.099854,1027.792969,13.959381,1157.764282,1066.594238,-16.71209,-117,7744,-324,-0.110777,-1.947972,1.859082,0,0,0,1,100,0.858824,0.999969,0.,0.999969,0.,0,0,0
-3815.214111,1045.388428,13.756693,1132.469116,1092.498291,18.018438,60,8060,-89,-0.54708,-1.351887,1.878314,0,0,0,1,100,0.862745,0.999969,0.,0.999969,0.,0,0,0
-3796.770264,1063.409424,13.943666,1103.247681,1118.981567,30.975109,156,8383,137,-0.399691,-0.866531,1.890662,0,0,0,1,100,0.862745,0.999969,0.,0.999969,0.,0,0,0
-3778.804932,1081.850708,14.403802,1074.322632,1143.526733,43.117733,181,8705,245,-0.193505,0.032366,1.895209,0,0,0,1,100,0.866667,0.999969,0.,0.999969,0.,0,0,0
-3761.308838,1100.69812,14.96344,1043.832642,1167.828979,38.330299,144,9028,246,-0.110566,0.267398,1.896773,0,0,0,1,100,0.866667,0.999969,0.,0.999969,0.,0,0,0
-3744.325928,1119.94165,15.430897,1011.106506,1192.266846,32.560299,96,9351,214,-0.061152,0.317728,1.902422,0,0,0,1,100,0.866667,0.999969,0.,0.999969,0.,0,0,0
-3727.888916,1139.587158,15.806106,976.182861,1216.68335,27.3866,55,9673,175,-0.035708,0.29697,1.911952,0,0,0,1,100,0.866667,0.999969,0.,0.999969,0.,0,0,0
-3712.030762,1159.640869,16.104031,939.265198,1240.811401,23.027081,17,9996,136,-0.024438,0.251794,1.924085,0,0,0,1,100,0.870588,0.999969,0.,0.999969,0.,0,0,0
-3696.791748,1180.079712,16.328283,900.611877,1264.381348,19.520424,-13,10324,102,-0.019296,0.200514,1.937656,0,0,0,1,100,0.870588,0.999969,0.,0.999969,0.,0,0,0
-3682.188965,1200.902222,16.508005,860.249084,1287.263794,16.789919,-36,10655,72,-0.01716,0.153388,1.95165,0,0,0,1,100,0.870588,0.999969,0.,0.999969,0.,0,0,0
-3668.23999,1222.103027,16.649097,818.428467,1309.243408,14.637619,-55,10985,49,-0.015341,0.112243,1.965201,0,0,0,1,100,0.870588,0.999969,0.,0.999969,0.,0,0,0
-3654.988281,1243.647827,16.751421,775.45282,1330.11084,12.954425,-69,11317,34,-0.013415,0.079974,1.977842,0,0,0,1,100,0.870588,0.999969,0.,0.999969,0.,0,0,0
-3642.447998,1265.53833,16.827581,731.387451,1349.778809,11.706044,-77,11655,19,-0.011825,0.054895,1.989239,0,0,0,1,100,0.870588,0.999969,0.,0.999969,0.,0,0,0
-3630.642822,1287.745483,16.884399,686.247864,1368.189941,10.762011,-85,11994,11,-0.01118,0.035906,1.999234,0,0,0,1,100,0.870588,0.440918,-0.275574,0.440918,0.,0,0,0
-3619.574707,1310.248413,16.923744,640.258362,1385.21936,10.067584,-93,12332,3,-0.008682,0.021802,2.008067,0,0,0,1,100,0.870588,0.188965,-0.299194,0.188965,0.,0,0,0
-3609.253174,1333.019043,16.951544,600.262207,1399.360596,9.549115,-101,12669,-5,-0.005591,0.008096,1.829501,0,0,0,1,100,0.870588,0.,-0.24408,0.,0.,0,0,0
-3599.554443,1356.009399,16.971216,565.729492,1411.097778,9.191752,-104,12968,-8,-0.001669,-0.004438,1.512025,0,0,0,1,100,0.870588,-0.204712,-0.220459,-0.204712,0.,0,0,0
-3590.412598,1379.182251,16.990889,534.41687,1421.056152,8.908446,-104,13209,-8,0.,-0.010207,1.168347,0,0,0,1,100,0.870588,-0.40155,-0.259827,-0.40155,0.,0,0,0
-3581.762207,1402.518188,17.01,507.606659,1429.11853,8.663268,-104,13392,-8,0.,-0.012422,0.810657,0,0,0,1,100,0.870588,-0.472412,-0.283447,-0.472412,0.,0,0,0
-3573.535156,1425.978882,17.01,486.482849,1435.157593,8.468834,-104,13513,-8,0.,-0.013507,0.439611,0,0,0,1,100,0.87451,-0.803101,-0.40155,-0.803101,0.,0,0,0
-3565.627441,1449.526855,17.01,470.638367,1439.511353,8.380378,-104,13568,-8,0.,-0.013998,0.098322,0,0,0,1,100,0.87451,-0.881836,-0.409424,-0.881836,0.,0,0,0
-3557.93457,1473.133301,17.01,465.829926,1440.14856,8.330844,-104,13561,-8,0.,-0.015287,-0.357491,0,0,0,1,100,0.87451,-0.944824,-0.417297,-0.944824,0.,0,0,0
-3550.301025,1496.740112,17.01,466.247742,1439.227173,8.310749,-104,13480,-8,0.,-0.015315,-0.729663,0,0,0,1,100,0.87451,-0.976318,-0.417297,-0.976318,0.,0,0,0
-3542.631348,1520.318848,17.01,472.840576,1436.289673,8.291078,-104,13337,-8,0.,-0.014932,-1.033691,0,0,0,1,100,0.87451,-0.976318,-0.417297,-0.976318,0.,0,0,0
-3534.84082,1543.850464,17.01,485.312286,1431.226074,8.29,-104,13147,-8,0.,-0.014256,-1.270537,0,0,0,1,100,0.87451,-0.976318,-0.417297,-0.976318,0.,0,0,0
-3526.823975,1567.279175,17.01,502.810547,1424.073242,8.29,-104,12921,-8,0.,-0.013469,-1.443608,0,0,0,1,100,0.87451,-0.976318,-0.417297,-0.976318,0.,0,0,0
-3518.503906,1590.583984,17.01,524.741638,1414.713501,8.29,-104,12664,-8,0.,-0.012762,-1.571385,0,0,0,1,100,0.87451,-0.984192,-0.417297,-0.984192,0.,0,0,0
-3509.804932,1613.728027,17.01,550.585999,1403.006348,8.29,-104,12386,-8,0.,-0.012248,-1.667238,0,0,0,1,100,0.87451,-0.984192,-0.417297,-0.984192,0.,0,0,0
-3500.657471,1636.673462,17.01,579.678406,1388.907104,8.29,-104,12093,-8,0.,-0.011854,-1.743665,0,0,0,1,100,0.87451,-0.984192,-0.40155,-0.984192,0.,0,0,0
-3491.021973,1659.382324,17.01,611.184509,1372.560669,8.29,-104,11791,-8,0.,-0.01153,-1.802611,0,0,0,1,100,0.87451,-0.992065,-0.40155,-0.992065,0.,0,0,0
-3480.860107,1681.81665,17.01,644.44751,1354.074341,8.28,-104,11478,-8,0.,-0.011334,-1.848253,0,0,0,1,100,0.87451,-0.992065,-0.40155,-0.992065,0.,0,0,0
-3470.150391,1703.937866,17.01,679.135681,1333.385376,8.28,-104,11157,-8,0.,-0.011137,-1.888245,0,0,0,1,100,0.87451,-0.992065,-0.40155,-0.992065,0.,0,0,0
-3458.873779,1725.708252,17.01,714.710693,1310.634399,8.28,-104,10828,-8,0.,-0.011,-1.921239,0,0,0,1,100,0.878431,-0.992065,-0.40155,-0.992065,0.,0,0,0
-3447.006836,1747.095581,17.01,750.791626,1285.921143,8.28,-104,10495,-8,0.,-0.010844,-1.948413,0,0,0,1,100,0.878431,-0.992065,-0.40155,-0.992065,0.,0,0,0
-3434.553955,1768.075684,17.01,787.056152,1259.315674,8.28,-104,10156,-8,0.,-0.010747,-1.971137,0,0,0,1,100,0.878431,-0.992065,-0.40155,-0.992065,0.,0,0,0
-3421.506592,1788.609741,17.01,823.206909,1230.929688,8.28,-104,9816,-8,0.,-0.0106,-1.990441,0,0,0,1,100,0.878431,-0.999969,-0.40155,-0.999969,0.,0,0,0
-3407.864258,1808.674927,17.01,859.028931,1200.83667,8.28,-104,9470,-8,-0.000466,-0.010453,-2.007183,0,0,0,1,100,0.878431,-0.999969,-0.40155,-0.999969,0.,0,0,0
-3393.636475,1828.237915,17.01,894.419983,1169.000122,8.28,-104,9124,-8,-0.001873,-0.0104,-2.025014,0,0,0,1,100,0.878431,-0.999969,-0.40155,-0.999969,0.,0,0,0
-3378.83252,1847.264526,17.01,929.051941,1135.680054,8.28,-104,8776,-8,-0.00252,-0.0104,-2.041105,0,0,0,1,100,0.878431,-0.992065,-0.40155,-0.992065,0.,0,0,0
-3363.467529,1865.74585,17.01,962.821411,1100.906982,8.28,-104,8422,-8,-0.002974,-0.0103,-2.055028,0,0,0,1,100,0.878431,-0.999969,-0.40155,-0.999969,0.,0,0,0
-3347.554932,1883.65271,17.01,995.596191,1064.789429,8.28,-104,8068,-8,-0.003367,-0.010166,-2.06444,0,0,0,1,100,0.878431,-0.999969,-0.40155,-0.999969,0.,0,0,0
-3331.10376,1900.963379,17.01,1027.318359,1027.31189,8.28,-104,7713,-8,-0.00373,-0.01007,-2.075254,0,0,0,1,100,0.878431,-0.999969,-0.40155,-0.999969,0.,0,0,0
-3314.143066,1917.652222,17.01,1057.84436,988.606506,8.28,-104,7354,-8,-0.004054,-0.009873,-2.086202,0,0,0,1,100,0.878431,-0.999969,-0.40155,-0.999969,0.,0,0,0
-3296.681396,1933.702637,17.01,1087.173828,948.635437,8.28,-104,6992,-8,-0.004347,-0.009676,-2.09616,0,0,0,1,100,0.878431,-0.999969,-0.40155,-0.999969,0.,0,0,0
-3278.748047,1949.090942,17.01,1115.202271,907.489136,8.28,-104,6630,-8,-0.004641,-0.00958,-2.105518,0,0,0,1,100,0.882353,-0.999969,-0.40155,-0.999969,0.,0,0,0
-3260.352539,1963.800171,17.01,1141.812134,865.310608,8.28,-104,6268,-8,-0.005017,-0.009383,-2.11412,0,0,0,1,100,0.882353,-0.976318,-0.40155,-0.976318,0.,0,0,0
-3241.524658,1977.81311,17.01,1166.945679,822.203125,8.28,-104,5906,-8,-0.005328,-0.009186,-2.12214,0,0,0,1,100,0.882353,-0.881836,-0.37793,-0.881836,0.,0,0,0
-3222.301758,1991.118408,17.01,1190.445679,778.544617,8.28,-104,5541,-8,-0.005611,-0.008989,-2.121789,0,0,0,1,100,0.882353,-0.803101,-0.346436,-0.803101,0.,0,0,0
-3202.693604,2003.70813,17.01,1212.075317,735.247925,8.28,-104,5179,-8,-0.0056,-0.008685,-2.08777,0,0,0,1,100,0.882353,-0.64563,-0.291321,-0.64563,0.,0,0,0
-3182.747314,2015.592407,17.01,1231.798706,692.700623,8.28,-104,4821,-8,-0.0055,-0.008292,-2.019844,0,0,0,1,100,0.886275,-0.488159,-0.220459,-0.488159,0.,0,0,0
-3162.482422,2026.780396,17.01,1249.704956,651.889343,8.28,-104,4475,-8,-0.005199,-0.007799,-1.904616,0,0,0,1,100,0.886275,-0.385803,-0.149597,-0.385803,0.,0,0,0
-3141.925781,2037.296631,17.01,1266.245483,613.787964,8.270253,-104,4152,-8,-0.00471,-0.007408,-1.734639,0,0,0,1,100,0.886275,-0.118103,0.,-0.118103,0.,0,1,0
-3121.107178,2047.211792,17.01,1281.086548,579.108582,8.27,-104,3864,-8,-0.0044,-0.007106,-1.512091,0,0,0,1,100,0.886275,0.,0.,0.,0.,0,1,0
-3099.885986,2056.648926,17.01,1306.695801,555.060608,8.173635,-104,3619,-8,-0.0038,-0.006809,-1.196678,0,0,0,1,100,0.886275,0.,0.,0.,0.,0,1,0
-3078.23877,2065.707275,17.01,1331.260254,533.70813,8.132473,-104,3423,-8,-0.003775,-0.006888,-0.897664,0,0,0,1,100,0.890196,0.,0.,0.,0.,0,1,0
-3056.192871,2074.41626,17.01,1354.996826,513.538086,8.111564,-104,3275,-8,-0.004437,-0.007084,-0.676294,0,0,0,1,100,0.890196,0.,0.,0.,0.,0,1,0
-3033.76001,2082.803223,17.01,1377.700562,495.62854,8.11,-104,3162,-8,-0.005224,-0.007281,-0.512128,0,0,0,1,100,0.890196,0.,0.,0.,0.,0,1,0
-3010.948242,2090.906494,17.01,1399.340332,480.471588,8.11,-104,3077,-8,-0.006011,-0.007478,-0.389175,0,0,0,1,100,0.890196,0.,0.,0.,0.,0,1,0
-2987.786377,2098.77124,17.01,1419.998413,468.105011,8.11,-104,3008,-8,-0.006724,-0.007575,-0.296725,0,0,0,1,100,0.890196,0.,0.,0.,0.,0,1,0
-2964.292969,2106.447266,17.01,1439.817627,458.269623,8.11,-104,2955,-8,-0.007314,-0.0076,-0.226986,0,0,0,1,100,0.894118,0.,0.,0.,0.,0,1,0
-2940.478027,2113.966064,17.01,1458.891113,450.786621,8.11,-104,2914,-8,-0.007836,-0.0076,-0.174155,0,0,0,1,100,0.894118,0.,0.,0.,0.,0,1,0
-2916.353516,2121.369385,17.01,1477.333984,445.349731,8.11,-104,2882,-8,-0.008165,-0.0076,-0.133991,0,0,0,1,100,0.894118,-0.118103,0.,-0.118103,0.,0,1,0
-2891.935303,2128.688477,17.01,1495.263428,441.636475,8.11,-104,2857,-8,-0.008361,-0.007661,-0.103325,0,0,0,1,100,0.894118,-0.291321,0.,-0.291321,0.,0,1,0
-2867.217041,2135.943604,17.01,1513.260498,437.468872,8.11,-104,2833,-8,-0.009074,-0.0078,-0.133837,0,0,0,1,100,0.894118,-0.393677,0.,-0.393677,0.,0,1,0
-2842.203369,2143.131348,17.01,1531.581055,431.568085,8.11,-104,2805,-8,-0.009965,-0.007955,-0.241731,0,0,0,1,100,0.898039,-0.614136,-0.188965,-0.614136,0.,0,1,0
-2816.89502,2150.211426,17.01,1550.028076,424.649139,8.11,-104,2755,-8,-0.010703,-0.0081,-0.378371,0,0,0,1,100,0.898039,-0.873962,-0.291321,-0.873962,0.,0,1,0
-2791.281982,2157.165771,17.01,1569.015503,414.20694,8.105169,-104,2681,-8,-0.011645,-0.0082,-0.581043,0,0,0,1,100,0.901961,-0.999969,-0.330688,-0.999969,0.,0,1,0
-2765.354736,2163.92749,17.01,1588.606201,398.73114,8.099999,-104,2568,-8,-0.012735,-0.0083,-0.854887,0,0,0,1,100,0.901961,-0.999969,-0.330688,-0.999969,0.,0,1,0
-2739.098877,2170.420166,17.01,1608.558472,379.189331,8.099999,-104,2404,-8,-0.0133,-0.008258,-1.129237,0,0,0,1,100,0.901961,-0.999969,-0.330688,-0.999969,0.,0,1,0
-2712.513916,2176.575684,17.01,1628.704956,356.677856,8.09,-104,2199,-8,-0.013123,-0.008023,-1.341595,0,0,0,1,100,0.901961,-0.999969,-0.330688,-0.999969,0.,0,1,0
-2685.600098,2182.348877,17.01,1648.951538,330.790009,8.09,-104,1959,-8,-0.01263,-0.00763,-1.495236,0,0,0,1,100,0.905882,-0.999969,-0.330688,-0.999969,0.,0,1,0
-2658.357422,2187.677002,17.01,1669.102905,300.991425,8.09,-104,1695,-8,-0.012236,-0.007268,-1.607101,0,0,0,1,100,0.905882,-0.999969,-0.330688,-0.999969,0.,0,1,0
-2630.775879,2192.50293,17.01,1688.889648,267.263062,8.09,-104,1414,-8,-0.011843,-0.006943,-1.689024,0,0,0,1,100,0.905882,-0.999969,-0.322815,-0.999969,0.,0,1,0
-2602.878174,2196.759766,17.01,1708.03186,229.796661,8.09,-104,1117,-8,-0.011575,-0.006549,-1.749291,0,0,0,1,100,0.905882,-0.999969,-0.330688,-0.999969,0.,0,1,0
-2574.670654,2200.387695,17.01,1726.282227,188.903122,8.09,-104,814,-8,-0.0114,-0.006256,-1.793664,0,0,0,1,100,0.905882,-0.999969,-0.330688,-0.999969,0.,0,1,0
-2546.167725,2203.324951,17.01,1743.415405,145.011444,8.09,-104,502,-8,-0.0114,-0.005862,-1.826333,0,0,0,1,100,0.905882,-0.889709,-0.330688,-0.889709,0.,0,1,0
-2517.393799,2205.521973,17.01,1759.209351,98.360291,8.09,-104,187,-8,-0.0114,-0.005569,-1.852186,0,0,0,1,100,0.909804,-0.51178,-0.259827,-0.51178,0.,0,1,0
-2488.361572,2206.945068,17.01,1773.725464,50.542381,8.09,-104,-136,-8,-0.011088,-0.005275,-1.839899,0,0,0,1,100,0.909804,0.,0.,0.,0.,0,1,0
-2459.097168,2207.585205,17.01,1787.504028,5.3049,8.08,-104,-450,-8,-0.009855,-0.004991,-1.700246,0,0,0,1,100,0.909804,0.,0.,0.,0.,0,1,0
-2429.601074,2207.494141,17.01,1801.066284,-33.875938,8.08,-104,-735,-8,-0.007654,-0.005006,-1.37355,0,0,0,1,100,0.909804,0.,0.,0.,0.,0,1,0
-2399.892334,2206.785645,17.01,1814.206055,-70.496933,8.08,-104,-954,-8,-0.0066,-0.0051,-1.029581,0,0,0,1,100,0.909804,0.291321,0.,0.291321,0.,0,1,0
-2369.960449,2205.476318,17.01,1826.81543,-106.345955,8.08,-104,-1123,-8,-0.006897,-0.005001,-0.779604,0,0,0,1,100,0.909804,0.551147,0.,0.551147,0.,0,1,0
-2339.824463,2203.611816,17.01,1840.022095,-133.951614,8.08,-104,-1242,-8,-0.006304,-0.005,-0.441707,0,0,0,1,100,0.909804,0.818848,0.,0.818848,0.,0,1,0
-2309.475586,2201.31958,17.01,1853.922241,-153.344086,8.09,-104,-1303,-8,-0.005607,-0.0051,-0.057025,0,0,0,1,100,0.909804,0.999969,0.,0.999969,0.,0,1,0
-2278.895264,2198.743164,17.01,1868.667603,-163.26825,8.108931,-104,-1294,-8,-0.005,-0.0052,0.365743,0,0,0,1,100,0.909804,0.999969,0.,0.999969,0.,0,1,0
-2248.063965,2196.04248,17.01,1884.191284,-164.211227,8.128604,-104,-1215,-8,-0.004786,-0.005114,0.768911,0,0,0,1,100,0.909804,0.999969,0.,0.999969,0.,0,1,0
-2216.973145,2193.344482,17.01,1900.410156,-158.279739,8.138275,-104,-1074,-8,-0.005614,-0.004917,1.065887,0,0,0,1,100,0.909804,0.999969,0.,0.999969,0.,0,1,0
-2185.611084,2190.780518,17.01,1917.089478,-144.669128,8.147947,-104,-885,-8,-0.006597,-0.0048,1.28181,0,0,0,1,100,0.909804,0.999969,0.,0.999969,0.,0,1,0
-2153.978516,2188.474121,17.01,1933.857178,-123.383377,8.16,-104,-661,-8,-0.007505,-0.0047,1.440818,0,0,0,1,100,0.909804,0.999969,0.,0.999969,0.,0,1,0
-2122.075195,2186.551025,17.01,1950.296143,-95.015465,8.17,-104,-412,-8,-0.008219,-0.0047,1.560025,0,0,0,1,100,0.909804,0.999969,0.,0.999969,0.,0,1,0
-2089.900879,2185.125244,17.01,1966.012451,-60.359421,8.179999,-104,-142,-8,-0.008739,-0.00487,1.650834,0,0,0,1,100,0.909804,0.999969,0.,0.999969,0.,0,1,0
-2057.479004,2184.287598,17.01,1980.638672,-20.180565,8.179999,-104,142,-8,-0.008966,-0.005066,1.720938,0,0,0,1,100,0.909804,0.999969,0.,0.999969,0.,0,1,0
-2024.825073,2184.130371,17.01,1993.887939,24.776981,8.186309,-104,436,-8,-0.009163,-0.005263,1.775773,0,0,0,1,100,0.909804,0.999969,0.,0.999969,0.,0,1,0
-1991.96106,2184.73291,17.01,2005.52771,73.688423,8.19,-104,737,-8,-0.0092,-0.00556,1.818983,0,0,0,1,100,0.909804,0.999969,0.,0.999969,0.,0,1,0
-1958.909058,2186.165771,17.01,2015.378052,125.947693,8.19,-104,1046,-8,-0.0092,-0.005857,1.853376,0,0,0,1,100,0.909804,0.999969,0.,0.999969,0.,0,1,0
-1925.703735,2188.470215,17.01,2023.269287,181.120224,8.195326,-104,1361,-8,-0.0092,-0.006153,1.881011,0,0,0,1,100,0.909804,0.999969,0.,0.999969,0.,0,1,0
-1892.378052,2191.689697,17.01,2029.07959,238.704727,8.2,-104,1682,-8,-0.00905,-0.0064,1.903148,0,0,0,1,100,0.909804,0.999969,0.,0.999969,0.,0,1,0
-1858.960083,2195.861572,17.01,2032.698486,298.414459,8.2,-104,2005,-8,-0.008853,-0.006693,1.92113,0,0,0,1,100,0.909804,0.999969,0.,0.999969,0.,0,1,0
-1825.498657,2201.029297,17.01,2034.097656,359.728333,8.2,-104,2329,-8,-0.008757,-0.006987,1.935623,0,0,0,1,100,0.905882,0.999969,0.,0.999969,0.,0,1,0
-1792.020386,2207.207031,17.01,2033.196167,422.428406,8.2,-104,2659,-8,-0.00856,-0.00724,1.947368,0,0,0,1,100,0.901961,0.999969,0.,0.999969,0.,0,1,0
-1758.575317,2214.423828,17.01,2029.913452,486.34317,8.2,-104,2990,-8,-0.008363,-0.007537,1.957122,0,0,0,1,100,0.901961,0.881836,0.,0.881836,0.,0,0,0
-1725.188965,2222.698486,17.01,2024.27063,551.11676,8.21,-104,3320,-8,-0.008166,-0.007767,1.964976,0,0,0,1,100,0.901961,0.543274,-0.110229,0.543274,0.,0,0,0
-1692.011719,2232.001953,17.01,2006.851807,611.584045,8.282126,-104,3651,-8,-0.00817,-0.008,1.930627,0,0,0,1,100,0.898039,0.188965,-0.141724,0.188965,0.,0,0,0
-1659.212036,2242.254639,17.01,1984.477661,666.045715,8.332704,-104,3974,-8,-0.008827,-0.008354,1.774988,0,0,0,1,100,0.898039,0.,0.,0.,0.,0,0,0
-1626.767578,2253.374268,17.01,1963.316895,714.844177,8.34,-104,4267,-8,-0.009848,-0.009071,1.492169,0,0,0,1,100,0.898039,0.,0.,0.,0.,0,0,0
-1594.669312,2265.278564,17.01,1943.245483,758.838867,8.34,-104,4509,-8,-0.01038,-0.009641,1.165134,0,0,0,1,100,0.898039,0.,0.,0.,0.,0,0,0
-1562.888062,2277.880859,17.01,1923.846924,799.406311,8.33828,-104,4693,-8,-0.010031,-0.0098,0.891617,0,0,0,1,100,0.898039,0.,0.,0.,0.,0,0,0
-1531.416382,2291.138184,17.01,1905.757446,835.898438,8.33,-104,4832,-8,-0.009244,-0.009786,0.686875,0,0,0,1,100,0.898039,0.,0.,0.,0.,0,0,0
-1500.242065,2304.979248,17.01,1889.541016,867.733643,8.33,-104,4941,-8,-0.008568,-0.009589,0.531665,0,0,0,1,100,0.898039,0.,0.,0.,0.,0,0,0
-1469.327148,2319.31958,17.01,1875.449341,894.823242,8.329263,-104,5023,-8,-0.007978,-0.009393,0.412819,0,0,0,1,100,0.898039,0.,0.,0.,0.,0,0,0
-1438.633545,2334.083252,17.01,1863.459839,917.502258,8.32,-104,5089,-8,-0.007492,-0.0092,0.32133,0,0,0,1,100,0.898039,0.,0.,0.,0.,0,0,0
-1408.123169,2349.203857,17.01,1853.373413,936.347595,8.32,-104,5140,-8,-0.007099,-0.009099,0.250757,0,0,0,1,100,0.898039,0.,0.,0.,0.,0,0,0
-1377.768555,2364.616699,17.01,1845.068237,951.728455,8.32,-104,5176,-8,-0.006805,-0.009,0.195941,0,0,0,1,100,0.898039,0.,0.,0.,0.,0,0,0
-1347.550049,2380.271973,17.01,1838.374023,964.022278,8.310573,-104,5203,-8,-0.006606,-0.008906,0.153064,0,0,0,1,100,0.898039,0.,0.,0.,0.,0,0,0
-1317.437744,2396.121826,17.01,1833.019653,973.800964,8.309999,-104,5227,-8,-0.006409,-0.0089,0.119524,0,0,0,1,100,0.898039,0.,0.,0.,0.,0,0,0
-1287.41394,2412.118408,17.01,1828.718262,981.627747,8.309999,-104,5243,-8,-0.006312,-0.0089,0.093412,0,0,0,1,100,0.898039,0.,0.,0.,0.,0,0,0
-1257.449097,2428.231934,17.01,1825.302124,987.823914,8.309999,-104,5255,-8,-0.006216,-0.0088,0.072979,0,0,0,1,100,0.898039,0.,0.,0.,0.,0,0,0
-1227.53418,2444.453613,17.01,1822.65979,992.595398,8.309999,-104,5263,-8,-0.0062,-0.0088,0.056913,0,0,0,1,100,0.898039,0.,0.,0.,0.,0,0,0
-1197.657837,2460.746094,17.01,1820.62793,996.263916,8.309999,-104,5271,-8,-0.0061,-0.0088,0.044205,0,0,0,1,100,0.898039,0.,0.,0.,0.,0,0,0
-1167.820312,2477.096924,17.01,1819.012939,999.182007,8.309999,-104,5276,-8,-0.0061,-0.0088,0.034443,0,0,0,1,100,0.898039,-0.275574,0.,-0.275574,0.,0,0,0
-1138.004395,2493.488281,17.01,1817.836182,1001.323303,8.302868,-104,5276,-8,-0.0061,-0.008729,0.026632,0,0,0,1,100,0.898039,-0.464539,-0.110229,-0.464539,0.,0,0,0
-1108.194092,2509.898438,17.01,1819.23877,998.62677,8.3,-104,5271,-8,-0.007004,-0.009136,-0.106901,0,0,0,1,100,0.898039,-0.551147,-0.141724,-0.551147,0.,0,0,0
-1078.358032,2526.249268,17.01,1822.525269,992.181274,8.293523,-104,5240,-8,-0.00783,-0.009565,-0.304966,0,0,0,1,100,0.898039,-0.724365,-0.196838,-0.724365,0.,0,0,0
-1048.467041,2542.484619,17.01,1827.20105,982.89624,8.29,-104,5175,-8,-0.0082,-0.0098,-0.501366,0,0,0,1,100,0.898039,-0.858215,-0.220459,-0.858215,0.,0,0,0
-1018.480591,2558.541016,17.01,1834.022095,968.898499,8.284179,-104,5077,-8,-0.008658,-0.01,-0.724175,0,0,0,1,100,0.898039,-0.929077,-0.220459,-0.929077,0.,0,0,0
-988.37262,2574.353027,17.01,1842.941895,949.872131,8.28,-104,4940,-8,-0.009,-0.010045,-0.955502,0,0,0,1,100,0.898039,-0.999969,-0.220459,-0.999969,0.,0,0,0
-958.114014,2589.83374,17.01,1853.631104,926.137695,8.28,-104,4764,-8,-0.009048,-0.009948,-1.164518,0,0,0,1,100,0.898039,-0.999969,-0.220459,-0.999969,0.,0,0,0
-927.681091,2604.897949,17.01,1866.002563,897.192993,8.28,-104,4552,-8,-0.009052,-0.009703,-1.352764,0,0,0,1,100,0.898039,-0.999969,-0.220459,-0.999969,0.,0,0,0
-897.035583,2619.479004,17.01,1879.545898,863.662842,8.27,-104,4310,-8,-0.008855,-0.00931,-1.499242,0,0,0,1,100,0.898039,-0.999969,-0.220459,-0.999969,0.,0,0,0
-866.157959,2633.486816,17.01,1893.857788,825.753723,8.27,-104,4045,-8,-0.008658,-0.008916,-1.608994,0,0,0,1,100,0.898039,-0.999969,-0.220459,-0.999969,0.,0,0,0
-835.048218,2646.854248,17.01,1908.575073,783.557678,8.27,-104,3763,-8,-0.008461,-0.008523,-1.692571,0,0,0,1,100,0.898039,-0.999969,-0.220459,-0.999969,0.,0,0,0
-803.70282,2659.513916,17.01,1923.276611,737.416992,8.27,-104,3466,-8,-0.0084,-0.008129,-1.756982,0,0,0,1,100,0.898039,-0.999969,-0.220459,-0.999969,0.,0,0,0
-772.109131,2671.405762,17.01,1937.542358,687.78363,8.27,-104,3162,-8,-0.0084,-0.007836,-1.807271,0,0,0,1,100,0.898039,-0.999969,-0.228333,-0.999969,0.,0,0,0
-740.286255,2682.469238,17.01,1950.992432,635.205383,8.27,-104,2850,-8,-0.0084,-0.007543,-1.846797,0,0,0,1,100,0.898039,-0.897583,-0.236206,-0.897583,0.,0,0,0
-708.250488,2692.664062,17.01,1963.333374,580.075684,8.27,-104,2530,-8,-0.008425,-0.007249,-1.878136,0,0,0,1,100,0.898039,-0.684998,-0.228333,-0.684998,0.,0,0,0
-676.016357,2701.949463,17.01,1974.263672,523.943726,8.26,-104,2208,-8,-0.008278,-0.006878,-1.869729,0,0,0,1,100,0.898039,-0.362183,-0.125977,-0.362183,0.,0,0,0
-643.610107,2710.315918,17.01,1983.578735,469.062256,8.26,-104,1887,-8,-0.007562,-0.006562,-1.781194,0,0,0,1,100,0.898039,0.,0.,0.,0.,0,0,0
-611.060608,2717.787842,17.01,1991.19751,417.802734,8.26,-104,1586,-8,-0.006453,-0.006069,-1.578235,0,0,0,1,100,0.898039,0.,0.,0.,0.,0,0,0
-578.388184,2724.434814,17.01,1997.158081,372.150818,8.26,-104,1322,-8,-0.005063,-0.005688,-1.258647,0,0,0,1,100,0.898039,0.,0.,0.,0.,0,0,0
-545.629944,2730.359619,17.01,2001.939209,329.582397,8.26,-104,1116,-8,-0.004818,-0.005491,-0.956465,0,0,0,1,100,0.898039,0.,0.,0.,0.,0,0,0
-512.794861,2735.599609,17.01,2005.774048,289.683563,8.26,-104,960,-8,-0.005323,-0.0053,-0.733309,0,0,0,1,100,0.898039,0.,0.,0.,0.,0,0,0
-479.901733,2740.202881,17.01,2008.77124,253.972,8.26,-104,843,-8,-0.00611,-0.0053,-0.565771,0,0,0,1,100,0.898039,0.,0.,0.,0.,0,0,0
-446.96048,2744.234619,17.01,2011.071411,222.988251,8.26,-104,748,-8,-0.006798,-0.0053,-0.43847,0,0,0,1,100,0.898039,0.,0.,0.,0.,0,0,0
-413.980255,2747.779297,17.01,2012.826294,196.580841,8.26,-104,673,-8,-0.007388,-0.0053,-0.341166,0,0,0,1,100,0.898039,0.2677,0.,0.2677,0.,0,0,0
-380.980621,2750.906982,17.01,2014.182983,174.290588,8.26,-104,614,-8,-0.007785,-0.0053,-0.266289,0,0,0,1,100,0.898039,0.448792,0.,0.448792,0.,0,0,0
-347.95163,2753.712402,17.01,2014.951782,160.823807,8.27,-104,574,-8,-0.007021,-0.005211,-0.070769,0,0,0,1,100,0.898039,0.64563,0.,0.64563,0.,0,0,0
-314.921906,2756.309326,17.01,2015.243286,153.915268,8.288611,-104,567,-8,-0.006228,-0.005114,0.169361,0,0,0,1,100,0.898039,0.842468,0.,0.842468,0.,0,0,0
-281.892181,2758.830322,17.01,2014.934204,154.238937,8.3,-104,607,-8,-0.005617,-0.0051,0.446736,0,0,0,1,100,0.898039,0.929077,0.,0.929077,0.,0,0,0
-248.862473,2761.390137,17.01,2013.7948,162.439636,8.317955,-104,693,-8,-0.00502,-0.0051,0.748956,0,0,0,1,100,0.898039,0.999969,0.,0.999969,0.,0,0,0
-215.858002,2764.103027,17.01,2011.873291,177.096085,8.327628,-104,833,-8,-0.005053,-0.0051,1.014755,0,0,0,1,100,0.898039,0.999969,0.,0.999969,0.,0,0,0
-182.892227,2767.083496,17.01,2008.857056,198.518295,8.34,-104,1013,-8,-0.005246,-0.0051,1.244279,0,0,0,1,100,0.898039,0.999969,0.,0.999969,0.,0,0,0
-149.972122,2770.437988,17.01,2004.70752,225.455231,8.34,-104,1229,-8,-0.005709,-0.00517,1.416088,0,0,0,1,100,0.898039,0.999969,0.,0.999969,0.,0,0,0
-117.126678,2774.262207,17.01,1999.116943,257.661591,8.349999,-104,1473,-8,-0.006233,-0.005366,1.544007,0,0,0,1,100,0.898039,0.999969,0.,0.999969,0.,0,0,0
-84.381248,2778.634521,17.01,1991.817383,294.709106,8.349999,-104,1740,-8,-0.006563,-0.005563,1.640742,0,0,0,1,100,0.898039,0.999969,0.,0.999969,0.,0,0,0
-51.757889,2783.631104,17.01,1982.563599,336.072296,8.36,-104,2022,-8,-0.00676,-0.00576,1.714964,0,0,0,1,100,0.898039,0.999969,0.,0.999969,0.,0,0,0
-19.301254,2789.312256,17.01,1971.272827,380.83609,8.36,-104,2314,-8,-0.0069,-0.006013,1.77262,0,0,0,1,100,0.898039,0.999969,0.,0.999969,0.,0,0,0
12.960609,2795.745361,17.01,1957.85498,428.3396,8.37,-104,2615,-8,-0.0069,-0.006253,1.817781,0,0,0,1,100,0.898039,0.999969,0.,0.999969,0.,0,0,0
44.999676,2802.972168,17.01,1942.269897,477.970306,8.37,-104,2924,-8,-0.0069,-0.0065,1.85356,0,0,0,1,100,0.898039,0.999969,0.,0.999969,0.,0,0,0
76.767906,2811.016357,17.01,1924.474854,529.230469,8.37,-104,3239,-8,-0.006853,-0.006747,1.882135,0,0,0,1,100,0.898039,0.999969,0.,0.999969,0.,0,0,0
108.231606,2819.90625,17.01,1904.48877,581.594055,8.37,-104,3559,-8,-0.0067,-0.006944,1.905024,0,0,0,1,100,0.898039,0.999969,0.,0.999969,0.,0,0,0
139.367767,2829.651855,17.01,1882.304932,634.747681,8.38,-104,3882,-8,-0.00656,-0.00724,1.923539,0,0,0,1,100,0.898039,0.999969,0.,0.999969,0.,0,0,0
170.134628,2840.267578,17.01,1858.003784,688.222534,8.38,-104,4210,-8,-0.006363,-0.007437,1.938413,0,0,0,1,100,0.898039,0.999969,0.,0.999969,0.,0,0,0
200.491898,2851.767334,17.01,1831.542236,741.865784,8.38,-104,4541,-8,-0.006166,-0.007634,1.950652,0,0,0,1,100,0.898039,0.999969,0.,0.999969,0.,0,0,0
230.407501,2864.143799,17.01,1803.030396,795.331848,8.38,-104,4871,-8,-0.00597,-0.00783,1.960537,0,0,0,1,100,0.898039,0.944824,0.,0.944824,0.,0,0,0
259.84613,2877.390869,17.01,1772.574829,848.305847,8.38,-104,5201,-8,-0.005773,-0.008027,1.968449,0,0,0,1,100,0.898039,0.448792,-0.212585,0.448792,0.,0,0,0
288.776367,2891.506104,17.01,1740.728149,900.029358,8.38,-104,5532,-8,-0.005676,-0.008324,1.956335,0,0,0,1,100,0.898039,0.181091,-0.204712,0.181091,0.,0,0,0
317.186371,2906.454102,17.01,1711.127563,946.098755,8.367944,-104,5860,-8,-0.006782,-0.009303,1.776448,0,0,0,1,100,0.898039,0.,0.,0.,0.,0,0,0
345.118591,2922.137451,17.01,1683.785278,987.009399,8.349999,-104,6150,-8,-0.007935,-0.010469,1.476893,0,0,0,1,100,0.898039,0.,0.,0.,0.,0,0,0
372.61731,2938.472168,17.01,1658.178955,1023.768616,8.338599,-104,6386,-8,-0.008386,-0.011228,1.151652,0,0,0,1,100,0.898039,0.,0.,0.,0.,0,0,0
399.702576,2955.394287,17.01,1633.979126,1057.266113,8.33,-104,6568,-8,-0.008068,-0.0114,0.877707,0,0,0,1,100,0.898039,0.,0.,0.,0.,0,0,0
426.401703,2972.854492,17.01,1611.532959,1087.418213,8.33,-104,6708,-8,-0.007378,-0.011285,0.673402,0,0,0,1,100,0.898039,0.,0.,0.,0.,0,0,0
452.74411,2990.787354,17.01,1591.547852,1113.655273,8.329582,-104,6814,-8,-0.006787,-0.010992,0.519027,0,0,0,1,100,0.901961,0.,0.,0.,0.,0,0,0
478.767853,3009.144775,17.01,1574.270142,1135.959106,8.32,-104,6896,-8,-0.006197,-0.010699,0.401362,0,0,0,1,100,0.901961,-0.118103,0.,-0.118103,0.,0,0,0
504.509979,3027.853027,17.01,1559.677734,1154.546875,8.32,-104,6955,-8,-0.005705,-0.010502,0.311217,0,0,0,1,100,0.905882,-0.275574,0.,-0.275574,0.,0,1,0
530.037903,3046.832764,17.01,1549.125977,1167.918213,8.310565,-104,6999,-8,-0.0058,-0.0106,0.179982,0,0,0,1,100,0.905882,-0.480286,-0.149597,-0.480286,0.,0,1,0
555.559937,3066.139404,17.01,1554.951904,1185.952515,8.213573,-104,7016,-8,-0.006282,-0.011173,-0.000045,0,0,0,1,100,0.909804,-0.708618,-0.236206,-0.708618,0.,0,1,0
581.195679,3085.720459,17.01,1565.598022,1198.446045,8.162441,-104,7001,-8,-0.007163,-0.011963,-0.239127,0,0,0,1,100,0.913725,-0.897583,-0.275574,-0.897583,0.,0,1,0
607.03064,3105.482178,17.01,1580.894775,1204.585815,8.131549,-104,6946,-8,-0.008154,-0.012669,-0.533508,0,0,0,1,100,0.913725,-0.936951,-0.283447,-0.936951,0.,0,1,0
633.130859,3125.308594,17.01,1600.493042,1204.555664,8.111876,-104,6840,-8,-0.008781,-0.013,-0.84237,0,0,0,1,100,0.913725,-0.999969,-0.291321,-0.999969,0.,0,1,0
659.564575,3145.122559,17.01,1623.355469,1199.762817,8.092204,-104,6683,-8,-0.008822,-0.012922,-1.089271,0,0,0,1,100,0.913725,-0.999969,-0.291321,-0.999969,0.,0,1,0
686.396423,3164.830566,17.01,1649.897705,1189.018188,8.09,-104,6483,-8,-0.008725,-0.012651,-1.299694,0,0,0,1,100,0.913725,-0.999969,-0.291321,-0.999969,0.,0,1,0
713.668152,3184.337646,17.01,1679.440674,1172.870728,8.09,-104,6251,-8,-0.008529,-0.012086,-1.457298,0,0,0,1,100,0.913725,-0.999969,-0.291321,-0.999969,0.,0,1,0
741.44458,3203.55835,17.01,1711.54187,1151.357788,8.09,-104,5995,-8,-0.008332,-0.011664,-1.575008,0,0,0,1,100,0.913725,-0.999969,-0.291321,-0.999969,0.,0,1,0
769.759766,3222.404297,17.01,1745.710938,1124.583984,8.09,-104,5719,-8,-0.008135,-0.01117,-1.664135,0,0,0,1,100,0.913725,-0.999969,-0.291321,-0.999969,0.,0,1,0
798.638916,3240.782959,17.01,1781.395508,1092.7948,8.083842,-104,5426,-8,-0.0081,-0.010777,-1.732688,0,0,0,1,100,0.913725,-0.999969,-0.291321,-0.999969,0.,0,1,0
828.104248,3258.625732,17.01,1818.052124,1056.324829,8.08,-104,5125,-8,-0.0081,-0.010383,-1.785949,0,0,0,1,100,0.913725,-0.999969,-0.291321,-0.999969,0.,0,1,0
858.179321,3275.845947,17.01,1855.116455,1015.681519,8.08,-104,4816,-8,-0.008155,-0.00999,-1.827698,0,0,0,1,100,0.913725,-0.999969,-0.291321,-0.999969,0.,0,1,0
888.859131,3292.373047,17.01,1892.141357,971.231262,8.08,-104,4499,-8,-0.008352,-0.009697,-1.860709,0,0,0,1,100,0.917647,-0.999969,-0.291321,-0.999969,0.,0,1,0
920.153198,3308.159668,17.01,1928.776245,923.238159,8.08,-104,4176,-8,-0.008548,-0.009403,-1.886967,0,0,0,1,100,0.917647,-0.999969,-0.291321,-0.999969,0.,0,1,0
952.046875,3323.13916,17.01,1964.667847,872.05304,8.08,-104,3848,-8,-0.008745,-0.00911,-1.907993,0,0,0,1,100,0.917647,-0.999969,-0.291321,-0.999969,0.,0,1,0
984.526123,3337.268311,17.01,1999.566162,817.845703,8.08,-104,3518,-8,-0.008942,-0.008816,-1.924885,0,0,0,1,100,0.917647,-0.999969,-0.291321,-0.999969,0.,0,1,0
1017.571777,3350.495605,17.01,2033.183594,761.052246,8.08,-104,3187,-8,-0.009139,-0.008461,-1.938318,0,0,0,1,100,0.913725,-0.999969,-0.291321,-0.999969,0.,0,1,0
1051.161377,3362.7771,17.01,2065.310547,702.002869,8.08,-104,2851,-8,-0.009335,-0.008165,-1.948997,0,0,0,1,100,0.913725,-0.999969,-0.291321,-0.999969,0.,0,1,0
1085.270142,3374.074951,17.01,2095.814941,640.636902,8.08,-104,2513,-8,-0.009532,-0.007836,-1.957619,0,0,0,1,100,0.917647,-0.999969,-0.291321,-0.999969,0.,0,1,0
1119.878906,3384.351074,17.01,2124.534668,577.223999,8.07,-104,2174,-8,-0.009729,-0.007542,-1.964464,1,0,0,1,100,0.917647,-0.999969,-0.291321,-0.999969,0.,0,0,0
1154.956177,3393.580078,17.01,2151.322754,512.044617,8.07,-104,1836,-8,-0.009926,-0.007249,-1.969787,1,0,0,1,100,0.913725,-0.999969,-0.291321,-0.999969,0.,0,0,0
1190.362793,3401.716309,17.01,2166.107422,443.72229,8.128898,-104,1498,-8,-0.009878,-0.006856,-1.974412,1,0,0,1,100,0.913725,-0.999969,-0.322815,-0.999969,0.,0,0,0
1225.902954,3408.711182,17.01,2172.623535,373.586182,8.193793,-104,1159,-8,-0.009681,-0.006462,-1.978798,1,0,0,1,100,0.913725,-0.873962,-0.322815,-0.873962,0.,0,0,0
1261.535889,3414.553223,17.01,2176.864746,303.005066,8.221569,-104,821,-8,-0.0096,-0.005969,-1.982798,1,0,0,1,100,0.913725,-0.755859,-0.322815,-0.755859,0.,0,0,0
1297.233887,3419.23584,17.01,2178.970947,233.559631,8.23,-104,483,-8,-0.009188,-0.005575,-1.948535,1,0,0,1,100,0.913725,-0.629883,-0.2677,-0.629883,0.,0,0,0
1332.95874,3422.788818,17.01,2179.101562,165.934357,8.23,-104,149,-8,-0.008791,-0.005191,-1.868072,1,0,0,1,100,0.913725,-0.346436,-0.125977,-0.346436,0.,0,0,0
1368.672974,3425.239746,17.01,2177.443359,100.468918,8.23,-104,-169,-8,-0.008394,-0.004988,-1.75188,1,0,0,1,100,0.909804,-0.141724,0.,-0.141724,0.,0,0,0
1404.357422,3426.628418,17.01,2174.480469,39.449074,8.23,-104,-468,-8,-0.007495,-0.004797,-1.559873,1,0,0,1,100,0.909804,0.,0.,0.,0.,0,0,0
1439.99353,3427.039307,17.01,2170.673584,-16.051891,8.23,-104,-727,-8,-0.006704,-0.004601,-1.302359,1,0,0,1,100,0.913725,0.,0.,0.,0.,0,0,0
1475.561523,3426.573242,17.01,2166.488525,-64.982826,8.24,-104,-940,-8,-0.006104,-0.004504,-0.996661,1,0,0,1,100,0.909804,0.,0.,0.,0.,0,0,0
1511.052246,3425.314453,17.01,2161.843262,-110.372452,8.24,-104,-1102,-8,-0.006578,-0.004307,-0.769895,1,0,0,1,100,0.913725,0.,0.,0.,0.,0,0,0
1546.465576,3423.336914,17.01,2157.17749,-150.761322,8.25,-104,-1230,-8,-0.007168,-0.004111,-0.598345,1,0,0,1,100,0.909804,0.,0.,0.,0.,0,0,0
1581.810059,3420.717529,17.01,2152.770996,-185.809586,8.25,-104,-1329,-8,-0.007759,-0.003914,-0.467064,1,0,0,1,100,0.909804,0.,0.,0.,0.,0,0,0
1617.088379,3417.540527,17.01,2148.773193,-215.665115,8.26,-104,-1406,-8,-0.008266,-0.003717,-0.365764,1,0,0,1,100,0.909804,0.,0.,0.,0.,0,0,0
1652.297119,3413.893066,17.01,2145.273926,-240.65686,8.26,-104,-1466,-8,-0.008659,-0.0036,-0.287132,1,0,0,1,100,0.909804,0.,0.,0.,0.,0,0,0
1687.447876,3409.851074,17.01,2142.278076,-261.325104,8.267635,-104,-1514,-8,-0.008976,-0.003524,-0.225737,1,0,0,1,100,0.909804,0.,0.,0.,0.,0,0,0
1722.557983,3405.490967,17.01,2139.735596,-278.371216,8.27,-104,-1555,-8,-0.009173,-0.003427,-0.177849,1,0,0,1,100,0.909804,0.,0.,0.,0.,0,0,0
1757.629272,3400.864502,17.01,2137.594971,-292.440155,8.27,-104,-1587,-8,-0.00937,-0.0034,-0.140394,1,0,0,1,100,0.909804,0.,0.,0.,0.,0,0,0
1792.661865,3396.026855,17.01,2135.801025,-303.98587,8.27,-104,-1612,-8,-0.009567,-0.0034,-0.111019,1,0,0,1,100,0.909804,0.,0.,0.,0.,0,0,0
1827.672241,3391.001709,17.01,2134.317383,-313.409332,8.27,-104,-1633,-8,-0.0097,-0.0033,-0.087959,1,0,0,1,100,0.909804,0.,0.,0.,0.,0,0,0
